[5.376822] 
[5.4979906] 
[5.2631855] 
[3.9039862] 
[5.4693775] 
[4.861856] 
[4.5726337] 
[5.5335298] 
[3.7957652] 
[5.5175257] 
[4.293976] 
[5.51927] 
[4.2306356] 
[5.398547] 
[4.641442] 
[5.334287] 
[3.5593839] 
[4.6426225] 
[-0.9860611] 
[3.5695398] 
[3.7350874] 
[5.1945825] 
[5.401716] 
[5.3625546] 
[5.1790166] 
[5.2907977] 
[4.6634417] 
[4.802669] 
[5.380724] 
[4.732021] 
[4.6168594] 
[4.746594] 
[4.8312354] 
[4.5429482] 
[4.5652814] 
[4.476934] 
[0.7910111] 
[3.0831892] 
[2.9918256] 
[4.9155006] 
[4.477303] 
[4.956081] 
[4.7454553] 
[4.453887] 
[4.4500737] 
[3.991699] 
[4.968666] 
[4.787482] 
[5.1554184] 
[4.8241096] 
[4.39615] 
[4.416687] 
[4.3673134] 
[4.0221796] 
[3.8822238] 
[4.0275235] 
[5.525308] 
[5.3425426] 
[5.1871133] 
[4.1736493] 
[4.1926923] 
[4.4544992] 
[5.009708] 
[4.1354203] 
[3.8301253] 
[3.8015215] 
[5.090503] 
[3.6854787] 
[3.757937] 
[3.856158] 
[4.7795076] 
[3.658694] 
[4.4135556] 
[-0.45646474] 
[-1.956954] 
[4.1479764] 
[3.7300942] 
[4.647708] 
[3.668535] 
[3.9479687] 
[4.4662337] 
[4.861856] 
[-0.459348] 
[4.596981] 
[-3.8216174] 
[4.691884] 
[4.0342503] 
[4.8373075] 
[5.534784] 
[3.8055184] 
[5.2391367] 
[5.3652973] 
[2.981375] 
[3.5865548] 
[-3.5498052] 
[5.5339212] 
[5.4242606] 
[4.8401804] 
[5.2587605] 
[3.8187478] 
[3.8261254] 
[4.7721124] 
[4.7352424] 
[5.401716] 
[5.380724] 
[3.6447415] 
[3.8818507] 
[3.853994] 
[4.1213756] 
[5.431396] 
[5.2952523] 
[5.5176916] 
[5.3892546] 
[4.2908416] 
[4.743966] 
[-3.7309048] 
[4.030183] 
[4.938067] 
[4.1866355] 
[4.5652814] 
[5.328123] 
[4.4500737] 
[4.0095687] 
[4.5359354] 
[3.622083] 
[5.2765822] 
[-0.15757374] 
[4.2670264] 
[5.0885863] 
[5.3278008] 
[4.361187] 
[4.3841004] 
[4.766168] 
[-2.3367403] 
[4.231917] 
[4.6088185] 
[5.0867662] 
[-0.96443576] 
[4.049102] 
[5.45455] 
[4.1897593] 
[5.1040545] 
[5.143646] 
[4.9412503] 
[4.400428] 
[4.396079] 
[3.5797067] 
[4.431448] 
[5.3116145] 
[5.3968143] 
[5.5062037] 
[-0.16549772] 
[4.4965787] 
[3.896058] 
[4.597825] 
[4.414669] 
[3.895716] 
[4.6258187] 
[3.9648573] 
[5.5276294] 
[1.7475758] 
[5.048794] 
[5.048794] 
[3.275201] 
[4.761858] 
[5.543713] 
[5.184507] 
[3.5437574] 
[4.235209] 
[4.599075] 
[5.2375383] 
[3.4733956] 
[-4.9436603] 
[3.5707679] 
[5.006095] 
[3.9954305] 
[5.365639] 
[3.4313736] 
[5.538966] 
[4.4607244] 
[4.2683983] 
[-3.1741347] 
[5.343748] 
[4.984117] 
[5.457871] 
[4.072471] 
[-4.758203] 
[3.0819314] 
[-4.52248] 
[-5.0878215] 
[-4.6686573] 
[-4.8271995] 
[-4.2648516] 
[-4.3342557] 
[-3.2431006] 
[-1.1357214] 
[-3.2399676] 
[-4.4385552] 
[-4.1970577] 
[-4.837213] 
[1.5554018] 
[-4.8979015] 
[-5.0719643] 
[-4.21806] 
[-3.6926496] 
[1.2486267] 
[-4.957198] 
[-5.1018167] 
[-2.8968997] 
[-4.9548054] 
[-4.3297715] 
[-4.7586584] 
[-4.5796294] 
[-4.305145] 
[-1.2460248] 
[-3.7951782] 
[-4.268404] 
[-4.9374123] 
[-4.5930405] 
[-4.651387] 
[-4.444073] 
[-4.7808766] 
[-5.0213175] 
[-4.576728] 
[-3.3173025] 
[-1.4819566] 
[-2.8979309] 
[-2.915872] 
[-4.7241817] 
[-4.264603] 
[-4.614162] 
[-4.4934425] 
[-3.6640441] 
[-4.479937] 
[-4.676076] 
[-4.8841267] 
[-3.0909474] 
[-4.3173537] 
[0.96318007] 
[-3.926798] 
[-4.723282] 
[-4.059086] 
[-4.640532] 
[-2.974124] 
[-2.6851337] 
[-4.531853] 
[-4.1042337] 
[-3.1303105] 
[-4.082549] 
[-4.7354627] 
[-4.57039] 
[-0.3818294] 
[-4.3828983] 
[-1.6081041] 
[-1.0438023] 
[-2.2930639] 
[-4.1767783] 
[-5.0552654] 
[-5.002003] 
[-4.6550136] 
[-4.029675] 
[-3.6613934] 
[-1.4166322] 
[-5.1661096] 
[-4.7333694] 
[-4.3473563] 
[-3.6270359] 
[-4.592963] 
[-4.6081786] 
[-4.588021] 
[-4.560195] 
[-4.369709] 
[-4.786268] 
[2.2389045] 
[-1.9544028] 
[-4.540615] 
[-4.702023] 
[-4.045297] 
[-3.8124294] 
[-3.4265964] 
[-0.9476894] 
[-4.4870715] 
[-4.765015] 
[-4.2162843] 
[-5.0839634] 
[-3.794441] 
[-4.867278] 
[-1.5768663] 
[-3.7725427] 
[-4.241868] 
[-4.329476] 
[-4.53325] 
[-3.876315] 
[-4.055009] 
[-4.298497] 
[-3.3467822] 
[-4.400718] 
[-4.5799184] 
[-2.4589465] 
[4.984117] 
[-2.5238001] 
[-4.4044256] 
